.HODE
..TEGNSETT ISO8859-10
..OMRÅDE
...MIN-NØ 6747681 610766   
...MAX-NØ 6747898 610953
..SOSI-VERSJON 4.0
..SOSI-NIVÅ 3
..TRANSPAR
...KOORDSYS 22
...ORIGO-NØ 0  0
...ENHET 0.01
..INNHOLD
...PRODUKTSPEK FKB-Terrengform 4.0
! FYSAK  Versjon G1.5,  2009-06-09
! Quadri Map Server v. 8.0.2 med klient-API v. 7
! Uttrekk fra NGIS arkiv: 04Høydekurver
! Tidspunkt for uttrekk: 2009-10-06 16:07:46
!!!!!!!!!!!!!!!!!!!!!!!!!!!!!!!!!!!!!!
!!!!!!!!!!!!!!!!!!!!!!!!!!!!!!!!!!!!!!
!!!!!!!!!!!!!!!!!!!!!!!!!!!!!!!!!!!!!!
!!!!!!!!!!!!!!!!!!!!!!!!!!!!!!!!!!!!!!
!!!!!!!!!!!!!!!!!!!!!!!!!!!!!!!!!!!!!!
.KURVE 1:
..OBJTYPE Høydekurve
..HØYDE 209.00
..DATAFANGSTDATO 20050428
..KVALITET 36 * 0 36 20
..KOPIDATA
...OMRÅDEID 412
...ORIGINALDATAVERT "Ringsaker kommune"
...KOPIDATO 20060914
..REGISTRERINGSVERSJON "FKB" "3.4 eller eldre"
..NØ
674779695 61093057 ...KP 1
..NØ
674779681 61093030
674779609 61092636
674779606 61092600
674779612 61092531
674779640 61092443
674779648 61092434
674779660 61092433
674779675 61092437
674779704 61092447
674780338 61092655
674780458 61092652
674780486 61092646
674780510 61092634
674780529 61092615
674780545 61092591
674780558 61092559
674780564 61092518
674780559 61092481
674780539 61092449
674780508 61092422
674780104 61092181
674780055 61092151
674780043 61092142
674780034 61092134
674780028 61092124
674780026 61092113
674780026 61092101
674780060 61091918
674780077 61091828
674779577 61091511
674779258 61091328
674778508 61090909
674778185 61090696
674778165 61090677
674778069 61090544 ...KP 1
.KURVE 2:
..OBJTYPE Høydekurve
..HØYDE 210.00
..DATAFANGSTDATO 20050428
..KVALITET 36 * 0 36 20
..KOPIDATA
...OMRÅDEID 412
...ORIGINALDATAVERT "Ringsaker kommune"
...KOPIDATO 20060914
..REGISTRERINGSVERSJON "FKB" "3.4 eller eldre"
..NØH
674779851 61086902 21000 ...KP 1
..NØ
674780319 61086519
674780687 61086333
674780785 61086326
674780811 61086319
674780834 61086305
674780882 61086259
674780965 61086143
674781123 61085767
674781127 61085751
674781100 61085733
674781058 61085706
..NØH
674780705 61085334 21000 ...KP 1
.KURVE 3:
..OBJTYPE Høydekurve
..HØYDE 211.00
..DATAFANGSTDATO 20070503
..KVALITET 61 * 0 61 14
..KOPIDATA
...OMRÅDEID 412
...ORIGINALDATAVERT "Ringsaker kommune"
...KOPIDATO 20090519
..REGISTRERINGSVERSJON "FKB" "4.0"
..NØ
674781301 61084204 ...KP 999
..NØ
674781203 61084039
674780882 61083748
674780642 61083457
674780373 61083178
674780018 61082847
674779841 61082680
674779734 61082622
674779492 61082537
674779122 61082323
674779010 61082174
674778934 61081934
674778916 61081861
674778914 61081698
674778963 61081306
674778933 61080974
674778852 61080710
674778764 61080591
674778644 61080456
674778602 61080312
674778606 61080179
674778599 61079911
674778587 61079785
674778552 61079641
674778539 61079604
674778482 61079437
674778384 61079293
674778160 61079234
674778062 61079217
674778023 61079176
674778061 61079128
674778135 61079092
674778353 61078968
674778424 61078802
674778364 61078655
674778348 61078590
674778357 61078435
674778346 61078199
674778271 61077952
674778294 61077874
674778457 61077663
674778490 61077515
674778474 61077458
674778246 61076934
674778161 61076742
674778114 61076600 ...KP 1
.KURVE 4:
..OBJTYPE Høydekurve
..HØYDE 213.00
..DATAFANGSTDATO 20070503
..KVALITET 61 * 0 61 14
..KOPIDATA
...OMRÅDEID 412
...ORIGINALDATAVERT "Ringsaker kommune"
...KOPIDATO 20090519
..REGISTRERINGSVERSJON "FKB" "4.0"
..NØ
674784264 61078582 ...KP 999
..NØ
674784222 61078574
674783805 61078435
674783566 61078282
674783231 61078081
674783100 61077987
674782913 61077825
674782628 61077712
674782588 61077700
674782497 61077633
674782515 61077524
674782690 61077121
674782700 61076826
674782620 61076600 ...KP 1
.KURVE 5:
..OBJTYPE Høydekurve
..HØYDE 209.00
..DATAFANGSTDATO 20070503
..KVALITET 61 * 0 61 14
..KOPIDATA
...OMRÅDEID 412
...ORIGINALDATAVERT "Ringsaker kommune"
...KOPIDATO 20090519
..REGISTRERINGSVERSJON "FKB" "4.0"
..NØ
674778022 61090485 ...KP 999
..NØ
674778019 61090455
674777988 61090347
674777957 61090192
674777978 61090048
674778127 61089749
674777827 61089735
674777546 61089801
674777532 61089801
674777522 61089786
674777260 61089543
674777231 61089472
674777250 61089330
674777298 61089091
674777335 61088864
674777376 61088644
674777388 61088586
674777388 61088561
674777384 61088364
674777382 61088320
674777377 61088302
674777367 61088289
674777316 61088266
674777044 61088237
674776745 61088233
674776697 61088249
674776475 61088460
674776468 61088486
674776568 61088815
674776576 61088919
674776570 61088958
674776556 61088985
674776525 61089007
674776505 61089006
674776471 61088995
674776337 61088850
674776106 61088755
674775865 61088626
674775554 61088398
674775470 61088351
674775311 61088231
674775058 61087915
674774957 61087706
674774943 61087539
674774958 61087465
674774997 61087369
674775040 61087228
674775040 61087118
674775031 61087056
674775036 61086685
674775061 61086519
674775111 61086404
674775221 61086218
674775264 61086086
674775212 61085714
674775201 61085681
674775197 61085624
674775222 61085535
674775352 61085121
674775430 61084952
674775594 61084733
674775710 61084518
674775706 61084381
674775664 61084126
674775672 61083967
674775769 61083594
674775864 61083236
674775873 61083092
674775855 61082905
674775827 61082320
674775860 61082025
674776016 61081649
674776139 61081463
674776236 61081300
674776395 61080950
674776390 61080898
674775970 61080373
674775933 61080277
674775921 61080176
674775931 61080071
674776080 61079873
674776312 61079797
674776502 61079866
674776995 61080082
674777124 61079847
674777083 61079739
674777081 61079729
674777192 61079438
674777217 61079383
674777206 61079353
674777175 61079317
674777153 61079279
674777056 61079062
674777020 61078915
674777018 61078748
674776986 61078662
674776849 61078508
674776621 61078374
674776258 61078332
674776167 61078338
674775755 61078409
674775655 61078454
674775490 61078514
674775416 61078364
674775422 61078308
674775433 61078297
674775504 61078256
674775563 61078231
674775767 61078119
674775798 61077940
674775717 61077836
674775644 61077750
674775463 61077497
674775398 61077401
674775209 61077104
674775092 61076954
674775006 61076825
674774957 61076746
674774850 61076600 ...KP 1
.KURVE 6:
..OBJTYPE Høydekurve
..HØYDE 206.00
..DATAFANGSTDATO 20070503
..KVALITET 61 * 0 61 14
..KOPIDATA
...OMRÅDEID 412
...ORIGINALDATAVERT "Ringsaker kommune"
...KOPIDATO 20090519
..REGISTRERINGSVERSJON "FKB" "4.0"
..NØ
674769469 61082814 ...KP 1
..NØ
674769661 61082766
674769689 61082760
674769787 61082749
674769858 61082746
674769898 61082738
674770184 61082621
674770256 61082633
674770306 61082667
674770319 61082685
674770303 61082845
674770092 61082845
674770019 61082824
674770080 61082866
674770228 61083004
674770311 61083338
674770041 61083420
674769424 61083200
674769377 61083126
674769387 61082923
674769418 61082873
674769469 61082814 ...KP 1
.KURVE 7:
..OBJTYPE Høydekurve
..HØYDE 210.00
..DATAFANGSTDATO 20070503
..KVALITET 61 * 0 61 14
..KOPIDATA
...OMRÅDEID 412
...ORIGINALDATAVERT "Ringsaker kommune"
...KOPIDATO 20090519
..REGISTRERINGSVERSJON "FKB" "4.0"
..NØ
674778848 61088403 ...KP 1
..NØ
674778752 61088295
674778534 61088399
674778452 61088623
674778341 61088799
674778257 61088887
674778111 61089011
674777973 61089093
674777869 61089154
674777732 61089211
674777532 61089111
674777481 61088962
674777487 61088830
674777500 61088788
674777531 61088716
674777557 61088564
674777558 61088399
674777550 61088216
674777531 61088142
674777500 61088072
674777493 61088067
674776655 61087945
674776599 61087940
674776515 61087998
674776390 61087963
674776281 61087867
674776151 61087713
674776048 61087434
674775999 61087271
674775887 61086893
674775854 61086724
674775861 61086457
674775918 61086339
674775991 61086093
674775993 61085978
674776131 61085616
674776249 61085502
674776298 61085315
674776170 61084730
674776188 61084684
674776229 61084654
674776272 61084650
674776722 61084728
674777247 61084850
674777498 61085017
674777582 61085102
674777822 61085262
674778030 61085493
674778069 61085560
674778218 61085761
674778370 61086064
674778431 61086399
674778478 61086493
674778558 61086584
674778616 61086644
674778658 61086736
674778722 61087124
674778772 61087191
674778889 61087290
674779009 61087363
674779122 61087377
674779545 61087112
674779702 61086933
674779809 61086889
674779851 61086902 ...KP 1
.KURVE 8:
..OBJTYPE Høydekurve
..HØYDE 207.00
..DATAFANGSTDATO 20070503
..KVALITET 61 * 0 61 14
..KOPIDATA
...OMRÅDEID 412
...ORIGINALDATAVERT "Ringsaker kommune"
...KOPIDATO 20090519
..REGISTRERINGSVERSJON "FKB" "4.0"
..NØ
674777165 61092467 ...KP 999
..NØ
674776826 61092238
674776660 61092226
674776537 61092317
674776432 61092421
674776323 61092515
674776176 61092641
674776043 61092770
674775989 61092818
674775972 61092718
674775937 61092530
674775921 61092407
674775964 61092235
674775975 61092154
674775987 61092030
674776000 61091886
674775997 61091819
674775963 61091736
674775897 61091667
674775755 61091533
674775620 61091404
674775499 61091325
674775430 61091295
674775242 61091208
674775082 61091115
674774910 61091000
674774765 61090899
674774554 61090772
674774395 61090702
674774364 61090686
674774109 61090525
674774062 61090492
674773937 61090412
674773911 61090397
674773622 61090214
674773573 61090182
674773581 61090158
674773774 61089666
674773800 61089608
674773895 61089643
674774270 61089776
674774359 61089807
674774605 61089893
674774747 61089941
674774959 61090015
674775083 61090059
674775346 61090153
674775460 61090194
674775351 61090127
674775102 61089976
674774996 61089912
674774804 61089798
674774681 61089725
674774484 61089609
674774403 61089561
674774131 61089397
674774094 61089374
674773941 61089281
674774018 61089155
674774095 61089029
674774266 61089084
674774416 61089132
674774660 61089207
674774908 61089274
674774689 61089146
674774401 61088987
674774215 61088889
674774184 61088873
674773958 61088753
674773918 61088726
674773729 61088575
674773535 61088433
674773451 61088370
674773327 61088268
674773085 61088050
674773038 61088015
674772960 61087970
674772870 61087959
674772836 61087883
674772832 61087855
674772789 61087680
674772767 61087565
674772726 61087411
674772648 61087201
674772507 61087098
674772422 61087039
674772317 61086975
674772247 61086932
674772162 61086838
674772095 61086591
674772056 61086289
674772054 61086101
674772067 61085910
674772088 61085694
674772122 61085503
674772196 61085249
674772228 61085126
674772252 61084918
674772246 61084870
674772237 61084842
674772215 61084614
674772211 61084606
674772145 61084541
674772141 61084418
674772188 61084282
674772208 61084126
674772118 61083791
674772089 61083750
674772072 61083738
674771983 61083643
674771963 61083269
674772015 61083081
674772096 61082851
674772201 61082506
674772255 61082320
674772360 61081988
674772388 61081857
674772383 61081763
674772346 61081625
674772111 61081068
674771957 61080893
674771738 61080722
674771699 61080563
674771749 61080256
674771743 61080013
674771726 61079881
674771769 61079488
674771806 61079357
674771915 61079030
674771990 61078876
674772180 61078621
674772336 61078427
674772517 61078224
674772723 61077988
674772878 61077753
674773034 61077413
674773109 61077036
674773081 61076808
674773009 61076600 ...KP 1
.KURVE 9:
..OBJTYPE Høydekurve
..HØYDE 210.00
..DATAFANGSTDATO 20070503
..KVALITET 61 * 0 61 14
..KOPIDATA
...OMRÅDEID 412
...ORIGINALDATAVERT "Ringsaker kommune"
...KOPIDATO 20090519
..REGISTRERINGSVERSJON "FKB" "4.0"
..NØ
674780705 61085334 ...KP 1
..NØ
674780615 61085204
674780404 61085046
674780178 61084943
674780009 61084911
674779686 61084858
674779382 61084702
674778819 61084429
674778433 61084365
674777615 61084454
674777355 61084398
674777318 61084391
674777033 61084329
674777043 61084285
674777072 61084198
674776877 61083469
674776856 61083388
674776829 61083287
674776830 61083216
674776878 61083080
674776971 61082950
674777652 61082248
674777750 61082061
674777776 61081806
674777836 61081673
674778025 61081449
674778221 61081143
674778254 61081012
674778267 61080713
674778246 61080633
674778226 61080589
674778172 61080478
674778145 61080485
674778076 61080463
674777884 61080232
674777801 61080144
674777628 61080038
674777513 61079940
674777394 61079767
674777380 61079723
674777415 61079644
674777601 61079406
674777547 61079244
674777367 61079072
674777351 61079023
674777394 61078945
674777617 61078902
674777763 61078893
674777813 61078875
674777866 61078833
674777884 61078779
674777872 61078707
674777726 61078329
674777655 61078153
674777621 61078083
674777534 61077978
674777414 61077810
674777217 61077430
674777079 61077252
674776717 61076933
674776601 61076847
674776328 61076664
674776243 61076600 ...KP 1
.KURVE 10:
..OBJTYPE Høydekurve
..HØYDE 213.00
..DATAFANGSTDATO 20070503
..KVALITET 61 * 0 61 14
..KOPIDATA
...OMRÅDEID 412
...ORIGINALDATAVERT "Ringsaker kommune"
...KOPIDATO 20090519
..REGISTRERINGSVERSJON "FKB" "4.0"
..NØ
674779494 61079161 ...KP 1
..NØ
674779482 61079429
674779381 61079557
674779291 61079469
674779329 61079330
674779453 61079165
674779494 61079161 ...KP 1
.KURVE 11:
..OBJTYPE Høydekurve
..HØYDE 208.00
..DATAFANGSTDATO 20070503
..KVALITET 61 * 0 61 14
..KOPIDATA
...OMRÅDEID 412
...ORIGINALDATAVERT "Ringsaker kommune"
...KOPIDATO 20090519
..REGISTRERINGSVERSJON "FKB" "4.0"
..NØ
674777367 61092079 ...KP 999
..NØ
674777235 61092020
674777114 61091955
674776968 61091892
674776831 61091858
674776776 61091858
674776727 61091867
674776660 61091886
674776603 61091912
674776547 61091953
674776462 61092035
674776444 61091909
674776433 61091856
674776404 61091776
674776381 61091730
674776289 61091591
674776281 61091568
674776285 61091558
674776523 61090928
674776558 61090860
674776623 61090767
674776638 61090714
674776627 61090641
674776607 61090581
674776604 61090540
674776635 61090366
674776667 61090171
674776675 61090114
674776666 61090096
674776679 61090059
674776681 61090031
674776674 61090007
674776647 61089968
674776612 61089937
674776542 61089894
674776291 61089756
674776185 61089693
674776124 61089647
674775942 61089475
674775789 61089345
674775658 61089246
674775312 61088975
674775184 61088910
674775023 61088875
674774938 61088852
674774513 61088646
674774318 61088519
674774187 61088366
674774141 61088309
674773985 61088133
674773899 61087950
674773885 61087843
674773754 61087610
674773464 61087434
674773417 61087405
674773345 61087351
674773158 61087206
674773089 61087153
674773052 61087093
674773035 61086779
674772957 61086606
674772767 61086115
674772754 61085833
674772752 61085737
674772773 61085551
674772916 61085371
674773404 61085019
674773734 61084642
674773732 61084519
674773675 61084413
674773597 61084367
674773163 61084155
674773114 61084112
674772943 61083793
674772928 61083414
674772975 61083214
674773025 61083051
674773088 61082874
674773294 61082566
674773636 61082553
674773830 61082602
674774029 61082334
674774014 61082263
674773861 61081808
674773799 61081565
674773648 61081349
674773491 61081148
674773266 61080729
674773253 61080690
674773186 61080414
674772985 61079972
674772778 61079945
674772626 61079894
674772652 61079748
674772744 61079658
674772940 61079479
674772985 61079430
674773107 61079293
674773309 61079097
674773339 61079089
674773898 61079198
674774267 61078938
674774307 61078400
674774317 61078350
674774373 61078126
674774349 61077766
674774281 61077482
674774220 61077217
674774174 61077063
674774131 61076958
674773953 61076606
674773949 61076600 ...KP 1
.KURVE 12:
..OBJTYPE Høydekurve
..HØYDE 212.00
..DATAFANGSTDATO 20070503
..KVALITET 61 * 0 61 14
..KOPIDATA
...OMRÅDEID 412
...ORIGINALDATAVERT "Ringsaker kommune"
...KOPIDATO 20090519
..REGISTRERINGSVERSJON "FKB" "4.0"
..NØ
674781957 61082960 ...KP 999
..NØ
674781693 61082724
674781422 61082587
674781326 61082547
674781067 61082397
674780827 61082290
674780606 61082187
674780400 61082043
674780116 61081846
674779926 61081732
674779770 61081604
674779590 61081376
674779548 61081287
674779439 61080943
674779399 61080777
674779366 61080619
674779290 61080366
674779168 61080209
674778946 61080008
674778887 61079832
674778880 61079790
674778812 61079624
674778726 61079439
674778719 61079318
674778827 61079159
674778859 61078918
674778897 61078735
674778928 61078642
674778992 61078386
674779019 61078307
674779055 61078082
674779112 61077872
674779311 61077780
674779419 61077756
674779685 61077722
674779974 61077712
674780213 61077681
674780306 61077614
674780330 61077589
674780546 61077450
674780797 61077200
674780894 61076945
674780909 61076789
674780907 61076600 ...KP 1
.KURVE 13:
..OBJTYPE Høydekurve
..HØYDE 213.00
..DATAFANGSTDATO 20070503
..KVALITET 61 * 0 61 14
..KOPIDATA
...OMRÅDEID 412
...ORIGINALDATAVERT "Ringsaker kommune"
...KOPIDATO 20090519
..REGISTRERINGSVERSJON "FKB" "4.0"
..NØ
674781932 61080467 ...KP 1
..NØ
674781721 61081017
674781683 61081055
674781462 61081133
674781101 61081160
674780947 61081126
674780743 61081011
674780353 61080649
674780208 61080415
674780169 61080314
674780144 61080188
674780145 61080062
674780224 61079864
674780555 61079706
674780800 61079719
674781038 61079772
674781265 61079799
674781512 61079852
674781859 61080142
674781932 61080467 ...KP 1
.KURVE 14:
..OBJTYPE Forsenkningskurve
..HØYDE 206.00
..DATAFANGSTDATO 20070503
..KVALITET 61 * 0 61 14
..KOPIDATA
...OMRÅDEID 412
...ORIGINALDATAVERT "Ringsaker kommune"
...KOPIDATO 20090519
..REGISTRERINGSVERSJON "FKB" "4.0"
..NØ
674773130 61089089 ...KP 1
..NØ
674773108 61089075
674772819 61088888
674772705 61088817
674772531 61088712
674772293 61088569
674772196 61088521
674772143 61088519
674772100 61088547
674772070 61088585
674772057 61088640
674772056 61088685
674772064 61088715
674772074 61088729
674772094 61088742
674772283 61088810
674772443 61088857
674772647 61088920
674772764 61088960
674773104 61089080
674773130 61089089 ...KP 1
.KURVE 15:
..OBJTYPE Forsenkningskurve
..HØYDE 208.00
..DATAFANGSTDATO 20070503
..KVALITET 61 * 0 61 14
..KOPIDATA
...OMRÅDEID 412
...ORIGINALDATAVERT "Ringsaker kommune"
...KOPIDATO 20090519
..REGISTRERINGSVERSJON "FKB" "4.0"
..NØ
674774807 61083765 ...KP 1
..NØ
674774821 61083668
674774800 61083552
674774758 61083496
674774419 61083581
674774408 61083617
674774501 61083823
674774651 61083878
674774807 61083765 ...KP 1
.PUNKT 16:
..OBJTYPE Toppunkt
..HØYDE 210.74
..DATAFANGSTDATO 20070503
..KVALITET 36 * 0 36 10
..KOPIDATA
...OMRÅDEID 412
...ORIGINALDATAVERT "Ringsaker kommune"
...KOPIDATO 20090519
..REGISTRERINGSVERSJON "FKB" "4.0"
..NØ
674778124 61088849
.PUNKT 17:
..OBJTYPE Toppunkt
..HØYDE 213.31
..DATAFANGSTDATO 20070503
..KVALITET 36 * 0 36 10
..KOPIDATA
...OMRÅDEID 412
...ORIGINALDATAVERT "Ringsaker kommune"
...KOPIDATO 20090519
..REGISTRERINGSVERSJON "FKB" "4.0"
..NØ
674780973 61080358
.KURVE 18:
..OBJTYPE Høydekurve
..HØYDE 207.00
..DATAFANGSTDATO 20050428
..KVALITET 36 * 0 36 20
..KOPIDATA
...OMRÅDEID 412
...ORIGINALDATAVERT "Ringsaker kommune"
...KOPIDATO 20060914
..REGISTRERINGSVERSJON "FKB" "3.4 eller eldre"
..NØ
674776303 61095300 ...KP 1
..NØ
674776676 61094997
674777081 61094666
674777376 61094389
674777420 61094317
674777597 61093738
674777624 61093613
674777626 61093422
674777502 61092761
674777453 61092618
674777284 61092372 ...KP 1
.KURVE 19:
..OBJTYPE Høydekurve
..HØYDE 208.00
..DATAFANGSTDATO 20050428
..KVALITET 36 * 0 36 20
..KOPIDATA
...OMRÅDEID 412
...ORIGINALDATAVERT "Ringsaker kommune"
...KOPIDATO 20060914
..REGISTRERINGSVERSJON "FKB" "3.4 eller eldre"
..NØ
674777910 61095300 ...KP 1
..NØ
674777968 61095270
674778318 61095088
674778863 61094728
674779017 61094586
674779128 61094412
674779180 61094281
674779446 61093438
674779461 61093350
674779457 61093271
674779449 61093255
674779426 61093236
674779374 61093206
674778965 61092972
674778466 61092683
674778096 61092468
674777433 61092085 ...KP 1
.KURVE 20:
..OBJTYPE Høydekurve
..HØYDE 209.00
..DATAFANGSTDATO 20050428
..KVALITET 36 * 0 36 20
..KOPIDATA
...OMRÅDEID 412
...ORIGINALDATAVERT "Ringsaker kommune"
...KOPIDATO 20060914
..REGISTRERINGSVERSJON "FKB" "3.4 eller eldre"
..NØ
674781943 61095300 ...KP 1
..NØ
674781744 61094926
674781413 61094389
674781387 61094339
674781377 61094297
674781377 61094277
674781380 61094257
674781388 61094239
674781463 61094141
674781472 61094129
674781478 61094116
674781482 61094102
674781484 61094065
674781473 61094037
674781458 61094022
674781364 61093975
674780808 61093738
674780390 61093477
674779789 61093129
674779740 61093100
674779695 61093057 ...KP 1
.KURVE 21:
..OBJTYPE Høydekurve
..HØYDE 210.00
..DATAFANGSTDATO 20050428
..KVALITET 36 * 0 36 20
..KOPIDATA
...OMRÅDEID 412
...ORIGINALDATAVERT "Ringsaker kommune"
...KOPIDATO 20060914
..REGISTRERINGSVERSJON "FKB" "3.4 eller eldre"
..NØ
674784494 61095300 ...KP 1
..NØ
674784430 61095122
674784317 61094924
674784270 61094817
674784269 61094795
674784274 61094776
674784289 61094764
674784310 61094755
674784327 61094754
674784350 61094755
674784372 61094757
674784600 61094836
674784955 61094929
674785058 61094996
674785070 61095001
674785083 61095003
674785096 61095001
674785108 61094996
674785120 61094986
674785129 61094976
674785136 61094964
674785161 61094885
674785165 61094867
674785165 61094832
674785162 61094815
674785147 61094783
674784720 61094413
674784566 61094226
674784481 61094065
674784421 61093890
674784402 61093832
674784101 61092826
674783718 61092447
674783691 61092412
674783672 61092375
674783664 61092334
674783663 61092291
674783673 61092241
674783687 61092206
674783732 61092144
674783750 61092116
674783759 61092087
674783755 61092057
674783741 61092026
674783502 61091759
674783217 61091519
674783149 61091481
674782754 61091337
674782021 61091165
674781255 61091066
674780512 61091099
674780393 61091100
674780236 61091066
674779565 61090675
674779373 61090604
674778844 61090441
674778719 61090374
674778607 61090276
674778571 61090229
674778527 61090118
674778513 61089975
674778558 61089794
674778987 61089109
674778995 61089091
674778999 61089040
674779000 61089022
674779003 61089008
674779008 61088995
674779015 61088983
674779565 61088457
674779941 61087963
674779933 61087955
674779892 61087988
674779878 61087999
674779864 61088010
674779852 61088024
..NØH
674778848 61088403 21000 ...KP 1
.KURVE 22:
..OBJTYPE Høydekurve
..HØYDE 211.00
..DATAFANGSTDATO 20050428
..KVALITET 36 * 0 36 20
..KOPIDATA
...OMRÅDEID 412
...ORIGINALDATAVERT "Ringsaker kommune"
...KOPIDATO 20060914
..REGISTRERINGSVERSJON "FKB" "3.4 eller eldre"
..NØ
674788676 61095300 ...KP 1
..NØ
674788391 61094641
674788808 61095300 ...KP 1
.KURVE 23:
..OBJTYPE Høydekurve
..HØYDE 211.00
..DATAFANGSTDATO 20050428
..KVALITET 36 * 0 36 20
..KOPIDATA
...OMRÅDEID 412
...ORIGINALDATAVERT "Ringsaker kommune"
...KOPIDATO 20060914
..REGISTRERINGSVERSJON "FKB" "3.4 eller eldre"
..NØ
674789800 61093753 ...KP 1
..NØ
674789741 61093716
674789691 61093697
674789170 61093510
674788749 61093302
674788288 61093108
674788062 61092970
674787851 61092767
674787640 61092505
674787523 61092284
674787433 61091895
674787514 61091293
674787618 61090916
674787694 61090492
674787682 61090265
674787614 61090054
674787555 61089961
674787304 61089693
674787278 61089676
674787251 61089666
674787222 61089665
674787192 61089672
674787161 61089686
674787132 61089703
674786963 61089843
674786248 61090388
674785862 61090672
674785566 61090952
674785184 61091362
674785112 61091426
674785029 61091473
674784983 61091487
674784938 61091496
674784891 61091496
674784713 61091452
674784216 61091168
674784126 61091088
674783795 61090634
674783647 61090358
674783501 61090181
674783268 61089993
674782816 61089740
674782133 61089323
674781614 61088731
674781551 61088664
674781521 61088643
674781488 61088630
674781452 61088620
674781416 61088621
674781384 61088629
674781355 61088647
674781242 61088775
674781174 61088822
674781137 61088839
674781058 61088861
674780952 61088868
674780931 61088865
674780911 61088858
674780896 61088845
674780882 61088828
674780875 61088807
674780871 61088785
674780872 61088763
674780986 61088463
674781104 61088266
674781264 61088005
674781623 61087338
674781879 61086828
674781894 61086808
674782357 61086073
674782375 61086053
674782631 61085861
674782744 61085768
674782833 61085650
674782973 61085346
674783071 61084961
674783082 61084849
674783082 61084792
674783068 61084745
674783045 61084707
674783009 61084681
674782962 61084665
674782931 61084661
674782790 61084665
674782656 61084709
674782339 61084883
674782322 61084885
674782298 61084876
674782282 61084858
674782236 61084814
674782212 61084793
674781404 61084140 ...KP 1
.KURVE 24:
..OBJTYPE Høydekurve
..HØYDE 212.00
..DATAFANGSTDATO 20050428
..KVALITET 36 * 0 36 20
..KOPIDATA
...OMRÅDEID 412
...ORIGINALDATAVERT "Ringsaker kommune"
...KOPIDATO 20060914
..REGISTRERINGSVERSJON "FKB" "3.4 eller eldre"
..NØ
674789800 61093203 ...KP 1
..NØ
674789668 61093134
674789305 61092884
674788886 61092319
674788870 61092286
674788860 61092231
674789061 61091285
674789084 61091229
674789134 61091154
674789438 61090848
674789556 61090668
674789800 61090219 ...KP 1
.KURVE 25:
..OBJTYPE Høydekurve
..HØYDE 213.00
..DATAFANGSTDATO 20050428
..KVALITET 36 * 0 36 20
..KOPIDATA
...OMRÅDEID 412
...ORIGINALDATAVERT "Ringsaker kommune"
...KOPIDATO 20060914
..REGISTRERINGSVERSJON "FKB" "3.4 eller eldre"
..NØ
674789800 61080498 ...KP 1
..NØ
674789654 61080417
674789094 61080055
674788672 61079881
674788596 61079867
674788386 61079890
674788291 61079911
674788219 61079950
674787779 61080344
674787466 61080508
674786945 61080812
674786860 61080856
674786819 61080868
674786779 61080870
674786741 61080858
674786703 61080837
674786634 61080772
674786561 61080672
674786425 61080323
674786349 61079849
674786378 61079558
674786386 61079319
674786359 61079158
674786295 61079007
674785907 61078336
674785856 61078279
674785794 61078232
674785651 61078165
674785496 61078132
674785255 61078130
674785233 61078134
674785211 61078141
674785151 61078174
674784712 61078516
674784598 61078576
674784477 61078613
674784301 61078630 ...KP 1
.KURVE 26:
..OBJTYPE Høydekurve
..HØYDE 214.00
..DATAFANGSTDATO 20050428
..KVALITET 36 * 0 36 20
..KOPIDATA
...OMRÅDEID 412
...ORIGINALDATAVERT "Ringsaker kommune"
...KOPIDATO 20060914
..REGISTRERINGSVERSJON "FKB" "3.4 eller eldre"
..NØ
674789800 61079496 ...KP 1
..NØ
674789559 61079471
674788708 61079363
674788355 61079376
674788327 61079382
674788301 61079394
674788237 61079441
674788216 61079452
674788195 61079457
674788174 61079456
674788151 61079449
674788056 61079402
674787939 61079311
674787867 61079182
674787624 61078598
674787289 61078145
674786670 61077584
674786386 61077373
674786329 61077331
674786322 61077321
674786321 61077308
674786325 61077295
674786333 61077283
674786514 61077084
674786548 61077037
674786545 61077025
674786536 61077011
674785965 61076600 ...KP 1
.KURVE 27:
..OBJTYPE Høydekurve
..HØYDE 215.00
..DATAFANGSTDATO 20050428
..KVALITET 36 * 0 36 20
..KOPIDATA
...OMRÅDEID 412
...ORIGINALDATAVERT "Ringsaker kommune"
...KOPIDATO 20060914
..REGISTRERINGSVERSJON "FKB" "3.4 eller eldre"
..NØ
674789800 61078705 ...KP 1
..NØ
674789689 61078664
674789634 61078643
674789374 61078528
674789340 61078507
674788715 61078270
674788685 61078250
674788659 61078225
674788613 61078161
674788583 61078099
674788467 61077771
674788306 61077378
674788291 61077355
674788269 61077338
674788202 61077313
674787670 61077181
674787652 61077172
674787644 61077162
674787646 61077146
674787788 61077004
674787805 61076987
674787812 61076976
674787818 61076965
674787821 61076954
674787821 61076943
674787800 61076903
674787737 61076828
674787512 61076600 ...KP 1
.KURVE 28:
..OBJTYPE Høydekurve
..HØYDE 216.00
..DATAFANGSTDATO 20050428
..KVALITET 36 * 0 36 20
..KOPIDATA
...OMRÅDEID 412
...ORIGINALDATAVERT "Ringsaker kommune"
...KOPIDATO 20060914
..REGISTRERINGSVERSJON "FKB" "3.4 eller eldre"
..NØ
674789800 61077203 ...KP 1
..NØ
674789624 61077000
674789110 61076600 ...KP 1
.KURVE 29:
..OBJTYPE Høydekurve
..HØYDE 203.00
..DATAFANGSTDATO 20070503
..KVALITET 61 * 0 61 14
..KOPIDATA
...OMRÅDEID 412
...ORIGINALDATAVERT "Ringsaker kommune"
...KOPIDATO 20090519
..REGISTRERINGSVERSJON "FKB" "4.0"
..NØ
674768100 61095153 ...KP 1
..NØ
674768138 61095137
674768288 61095007
674768496 61094749
674768654 61094571
674768744 61094292
674768723 61094126
674768681 61093965
674768538 61093468
674768415 61093208
674768181 61092835
674768100 61092644 ...KP 1
.KURVE 30:
..OBJTYPE Høydekurve
..HØYDE 205.00
..DATAFANGSTDATO 20070503
..KVALITET 61 * 0 61 14
..KOPIDATA
...OMRÅDEID 412
...ORIGINALDATAVERT "Ringsaker kommune"
...KOPIDATO 20090519
..REGISTRERINGSVERSJON "FKB" "4.0"
..NØ
674772325 61095300 ...KP 1
..NØ
674772331 61095274
674772397 61095133
674772592 61094938
674773383 61094368
674773562 61094263
674773819 61094118
674774018 61093953
674774060 61093755
674773890 61093460
674773711 61093352
674773456 61093298
674772960 61092986
674772723 61092537
674772494 61092154
674772387 61091957
674772161 61091410
674771926 61090947
674771842 61090746
674771693 61090305
674771655 61090209
674771570 61090002
674771422 61089773
674771352 61089715
674771278 61089623
674771197 61089374
674771170 61089327
674771085 61089262
674770966 61089196
674770784 61089079
674770663 61088987
674770520 61088881
674770296 61088730
674770245 61088697
674769894 61088472
674769816 61088424
674769662 61088321
674769781 61087913
674769846 61087702
674770142 61087809
674770219 61087836
674770507 61087937
674770678 61087998
674770849 61088060
674771056 61088140
674771352 61088255
674771393 61088269
674771396 61088250
674771364 61088226
674771096 61088064
674770911 61087950
674770754 61087852
674770611 61087762
674770348 61087597
674770289 61087562
674770081 61087437
674770125 61087329
674770197 61087154
674770056 61087057
674770041 61087034
674769965 61086869
674769920 61086800
674769840 61086716
674769745 61086626
674769721 61086572
674769722 61086524
674769736 61086327
674769753 61086062
674769754 61085975
674769567 61085756
674769533 61085698
674769427 61085564
674768983 61085379
674768947 61085368
674768845 61085340
674768767 61085326
674768571 61085290
674768517 61085268
674768447 61085191
674768415 61085131
674768388 61085046
674768399 61084887
674768206 61084733
674768130 61084684
674768100 61084660 ...KP 1
.KURVE 31:
..OBJTYPE Høydekurve
..HØYDE 204.00
..DATAFANGSTDATO 20070503
..KVALITET 61 * 0 61 14
..KOPIDATA
...OMRÅDEID 412
...ORIGINALDATAVERT "Ringsaker kommune"
...KOPIDATO 20090519
..REGISTRERINGSVERSJON "FKB" "4.0"
..NØ
674770286 61095300 ...KP 1
..NØ
674770420 61095102
674770446 61094911
674770404 61094514
674770367 61094315
674770303 61093912
674770306 61093808
674770378 61093270
674770395 61092614
674770358 61092104
674770270 61091778
674770166 61091430
674770117 61090918
674770116 61090483
674770117 61090432
674770122 61090236
674770111 61090171
674769846 61089345
674769715 61088858
674769602 61088721
674769445 61088623
674769365 61088571
674769038 61088310
674768906 61088190
674768841 61088129
674768637 61087981
674768454 61087867
674768125 61087640
674768100 61087622 ...KP 1
.KURVE 32:
..OBJTYPE Høydekurve
..HØYDE 206.00
..DATAFANGSTDATO 20070503
..KVALITET 61 * 0 61 14
..KOPIDATA
...OMRÅDEID 412
...ORIGINALDATAVERT "Ringsaker kommune"
...KOPIDATO 20090519
..REGISTRERINGSVERSJON "FKB" "4.0"
..NØ
674774883 61095300 ...KP 1
..NØ
674774910 61095272
674775020 61095155
674775231 61094964
674775473 61094783
674775516 61094740
674775639 61094555
674775710 61094485
674775965 61094295
674776229 61093987
674776271 61093673
674776213 61093647
674775809 61093675
674775731 61093690
674775414 61093772
674775205 61093598
674775199 61093588
674775307 61093228
674775323 61093169
674775389 61092947
674775417 61092691
674775130 61092259
674774783 61091996
674774548 61091845
674774339 61091710
674774205 61091604
674774062 61091459
674774028 61091419
674773769 61091126
674773731 61091088
674773409 61090791
674773330 61090683
674773080 61090301
674772957 61090218
674772893 61090179
674772808 61090115
674772707 61090025
674772659 61089984
674772509 61089877
674772292 61089728
674772227 61089682
674771994 61089540
674771868 61089467
674771755 61089378
674771547 61089227
674771476 61089182
674771500 61089134
674771683 61088818
674771756 61088716
674771806 61088621
674771850 61088494
674771869 61088445
674771883 61088424
674771984 61088255
674772102 61088049
674772131 61087978
674772084 61087883
674771974 61087742
674771944 61087706
674771877 61087606
674771849 61087567
674771816 61087532
674771804 61087538
674771786 61087534
674771755 61087500
674771591 61087431
674771492 61087398
674771245 61087330
674771222 61087326
674771195 61087297
674771053 61087200
674771014 61087180
674770958 61087138
674770726 61086962
674770369 61086863
674770280 61086837
674770189 61086779
674770158 61086745
674770112 61086675
674770090 61086608
674770067 61086241
674770070 61086185
674770070 61086014
674770041 61085899
674770013 61085810
674769966 61085588
674769966 61085553
674769978 61085432
674769987 61085315
674770010 61085163
674770056 61084956
674770050 61084810
674770051 61084697
674770083 61084592
674770150 61084471
674770312 61084242
674770378 61084148
674770433 61084093
674770558 61084009
674770594 61083979
674770629 61083941
674770695 61083807
674770780 61083577
674770797 61083531
674770882 61083300
674770900 61083252
674770916 61083228
674771082 61083030
674771113 61082954
674771190 61082610
674771271 61082273
674771241 61082123
674770842 61081515
674770807 61081414
674770835 61081250
674770879 61081112
674770945 61080955
674770978 61080833
674770850 61080353
674770787 61080058
674770799 61079840
674770841 61079576
674770904 61079241
674771011 61078848
674771116 61078552
674771149 61078482
674771321 61078182
674771445 61077957
674771626 61077602
674771782 61077332
674771924 61077052
674771974 61076836
674771977 61076600 ...KP 1
.KURVE 33:
..OBJTYPE Høydekurve
..HØYDE 212.00
..DATAFANGSTDATO 20050428
..KVALITET 36 * 0 36 20
..KOPIDATA
...OMRÅDEID 412
...ORIGINALDATAVERT "Ringsaker kommune"
...KOPIDATO 20060914
..REGISTRERINGSVERSJON "FKB" "3.4 eller eldre"
..NØ
674789800 61081804 ...KP 1
..NØ
674789683 61081680
674789389 61081371
674789233 61081197
674789201 61081172
674788792 61080969
674788178 61080771
674787965 61080736
674787930 61080736
674787879 61080747
674787312 61081010
674786937 61081284
674786691 61081458
674786055 61081899
674785455 61082366
674785277 61082501
674785210 61082531
674785174 61082541
674785139 61082543
674785104 61082539
674785042 61082508
674784747 61082275
674784656 61082229
674784406 61082129
674784200 61082090
674784073 61082084
674784062 61082088
674784053 61082095
674784045 61082104
674784041 61082115
674784043 61082135
674784049 61082145
674784144 61082244
674784276 61082336
674784570 61082504
674784591 61082536
674784599 61082566
674784584 61082594
674784555 61082619
674784474 61082646
674784347 61082675
674784322 61082676
674784207 61082662
674784131 61082661
674783972 61082689
674783912 61082713
674783858 61082747
674783807 61082789
674783707 61082889
674783669 61082946
674783608 61083154
674783601 61083230
674783605 61083256
674783614 61083307
674783359 61083327
674783302 61083338
674783249 61083362
674783202 61083397
674783136 61083465
674783104 61083495
674783086 61083507
674783066 61083517
674783046 61083523
674783026 61083526
674783005 61083524
674782730 61083413
674782013 61082983 ...KP 1
.KURVE 34:
..OBJTYPE Høydekurve
..HØYDE 203.00
..DATAFANGSTDATO 20070503
..KVALITET 61 * 0 61 14
..KOPIDATA
...OMRÅDEID 412
...ORIGINALDATAVERT "Ringsaker kommune"
...KOPIDATO 20090519
..REGISTRERINGSVERSJON "FKB" "4.0"
..NØ
674768100 61091440 ...KP 1
..NØ
674768113 61091349
674768103 61091126
674768100 61091102 ...KP 1
.KURVE 35:
..OBJTYPE Høydekurve
..HØYDE 205.00
..DATAFANGSTDATO 20070503
..KVALITET 61 * 0 61 14
..KOPIDATA
...OMRÅDEID 412
...ORIGINALDATAVERT "Ringsaker kommune"
...KOPIDATO 20090519
..REGISTRERINGSVERSJON "FKB" "4.0"
..NØ
674768100 61082954 ...KP 1
..NØ
674768593 61083186
674768779 61083258
674768991 61083319
674769034 61083321
674769087 61083183
674769113 61083111
674769117 61083087
674769104 61083040
674769108 61082984
674769062 61082850
674769142 61082558
674769345 61082360
674769455 61082268
674769524 61082220
674769695 61082056
674769753 61081930
674769801 61081649
674769835 61080957
674769843 61080729
674769885 61080423
674769959 61080163
674770057 61079883
674770112 61079647
674770174 61079315
674770259 61078935
674770391 61078374
674770532 61077950
674770644 61077693
674770741 61077417
674770790 61077143
674770830 61076852
674770845 61076645
674770838 61076600 ...KP 1
.KURVE 36:
..OBJTYPE Høydekurve
..HØYDE 204.00
..DATAFANGSTDATO 20070503
..KVALITET 61 * 0 61 14
..KOPIDATA
...OMRÅDEID 412
...ORIGINALDATAVERT "Ringsaker kommune"
...KOPIDATO 20090519
..REGISTRERINGSVERSJON "FKB" "4.0"
..NØ
674768100 61086859 ...KP 1
..NØ
674768209 61086891
674768261 61086904
674768313 61086905
674768346 61086894
674768370 61086879
674768390 61086859
674768412 61086825
674768426 61086782
674768432 61086750
674768430 61086718
674768413 61086693
674768206 61086549
674768334 61086376
674768399 61086295
674768636 61086334
674768665 61086323
674768685 61086292
674768689 61086260
674768678 61086238
674768654 61086217
674768620 61086194
674768523 61086131
674768342 61086027
674768305 61086003
674768100 61085863 ...KP 1
.KURVE 37:
..OBJTYPE Høydekurve
..HØYDE 203.00
..DATAFANGSTDATO 20070503
..KVALITET 61 * 0 61 14
..KOPIDATA
...OMRÅDEID 412
...ORIGINALDATAVERT "Ringsaker kommune"
...KOPIDATO 20090519
..REGISTRERINGSVERSJON "FKB" "4.0"
..NØ
674768100 61079097 ...KP 1
..NØ
674768136 61079056
674768269 61078820
674768346 61078525
674768389 61077977
674768379 61077678
674768330 61077267
674768321 61077219
674768255 61077014
674768100 61076656 ...KP 1
.KURVE 38:
..OBJTYPE Høydekurve
..HØYDE 204.00
..DATAFANGSTDATO 20070503
..KVALITET 61 * 0 61 14
..KOPIDATA
...OMRÅDEID 412
...ORIGINALDATAVERT "Ringsaker kommune"
...KOPIDATO 20090519
..REGISTRERINGSVERSJON "FKB" "4.0"
..NØ
674768100 61080878 ...KP 1
..NØ
674768196 61080722
674768303 61080597
674768340 61080563
674768452 61080454
674768754 61080066
674768982 61079760
674769198 61079404
674769297 61079146
674769397 61078620
674769455 61078037
674769468 61077789
674769477 61077474
674769508 61077128
674769501 61076847
674769422 61076600 ...KP 1
.SLUTT
